-1.1343037263704856 -3.038544099091961
-1.5163887563286107 -2.348053100476666
-2.8983089609188255 -1.7599025496765317
-1.3983953060089194 -0.921172821686371
-3.313150431882014 -2.8968611012599093
-1.8561566744971676 -1.8894362809176115
-2.788244930724067 -0.9018666297473608
-2.2458483837243546 -3.0794090543328365
-3.193666156417288 -1.244183819187427
-1.859076564334503 -2.046914078510941
0.2781913955754183 -1.3774883376304703
-2.071568770576846 0.445953527716187
-2.8023524717807016 0.02357043292548644
-1.8771925311288975 -1.9098008227239436
-1.4438990121681963 -2.8270739631962165
-2.2679065052254996 -3.0174627000225955
-0.8316718990797023 -1.1563676642556198
-1.6235634682970923 -3.0119073203722224
-2.4976901805949314 -1.8599398641476417
-2.134516565517394 -2.174207851093079
-2.3491391803962647 -1.7461531129189658
-0.9643248243028604 -2.04218074664752
-3.228908856286987 -2.525455276359345
0.26366473675817836 -0.8682877963242559
-2.7978022183234206 -1.8520681105473549
-1.452478024651751 -1.417463231802824
-2.085369413929306 -1.2481400055560834
-1.6341614057349028 -2.536059306290776
-1.1647052769834112 -2.076231258331779
-2.708135207140883 -1.7729655309957546
-2.386866452131285 -2.999369263162455
-1.1650833817532766 -1.813804166263766
-0.5535856318412695 -3.385016432387956
-2.1116459447892177 -2.69092766643057
-1.0903200568360876 -3.7585119609520996
-1.4450067979217223 -0.7670999083612753
-1.1731006244106368 -2.188636864157695
-1.1594602388323594 -2.241190875765429
-2.1320472861920017 -3.0748038251359553
-1.2600139978085014 -0.6729873900310559
-2.603766996545331 -2.1992307063095216
-0.9474803863800068 -2.0021339831798324
-2.6718655513526617 -0.7911108213977727
-3.059354723966418 -4.05810352778084
-2.4789536337167153 -1.0941161275303184
-1.1975959243481538 -0.850954127638335
-2.315865265263241 -1.1499549477489939
-1.2233729004647114 -3.41005590732643
-3.208409633898608 -3.1146155033670895
-0.18148321794573485 -2.049978961749297
-3.6663047117270464 -3.076574518607668
-2.269031226371205 -0.27274650122202226
-3.2410701866880993 -1.939349843710711
-2.879284028814532 -3.437577583380513
-0.9389689055363764 -3.966430995827125
-1.8451931635453618 -1.6637839597800272
-2.9787867926239855 -1.2683862917917015
-3.5159008596938515 -3.6427713465928964
-3.319523595664331 -1.234836993694452
-2.5825644352795303 -1.96169917364101
-1.9298839215726342 -4.210077720773539
-1.0317659566266602 -3.6465965375951237
-3.465138869132716 -2.187490030561591
-3.697430723399756 -0.9950241618174793
-3.0327639287217645 -3.0773244285743835
-1.6849694825136512 -0.5567372391178573
-2.8582211861691342 0.9340207248371142
-3.689189956728236 -0.31488298038848916
-1.8745988700108094 -1.8595309153519528
-2.653021115951408 -1.6033007615301647
-3.739367158070651 -1.2651876361096717
-2.626030504591152 -1.0830383870502325
-4.2784766027253385 -1.4058593187304433
-3.0056706281513357 -3.6098644086340155
-2.362424070092678 -2.399268819872459
-2.2013415022515956 -1.9674874400683435
-2.2961643496031434 -2.0544656954726728
-2.5705076594309855 -2.2185590395628725
-3.524541225332067 -1.1945092682237615
-3.6532097406615844 -2.398372398047425
-1.3320755328527532 -2.7343968926336033
-2.907572996798982 -3.8678220209054412
-1.8152003203170801 -1.0795935473098264
-0.9346764123842572 -1.5973948500065527
-1.9676764450847535 -2.7331705143301126
-2.1500265986910487 -1.9316998631930327
-4.0610570631091 -1.0645828781101343
-1.5201693238066796 -2.6272278327820664
-1.062569988753721 -1.4994768865701573
-3.4123879312938 -4.360221373247912
-2.767578806873254 -2.1611754546402477
-1.0894712602717314 -1.0447516870377611
-2.7775421717845203 -1.1089329961086418
-1.228587672242787 -1.3641097785995577
-3.1326229975572506 -1.2821249458619992
-4.031700208122343 -1.8612973547490121
-2.0663802527944033 -0.2442121104068371
-2.37693892435323 -1.18877791565739
-1.29467304220048 -0.5297572661079251
-4.312505683701012 -0.9355793937038552
0.15444150450881233 -3.538336102778663
-1.392182958339014 -2.9509109561704543
-0.5711178878623169 -1.6815381767412358
-2.605127999052705 -2.920196165444451
-3.1626951808379937 -2.8166515251466326
-2.594694825254983 -3.83012674323132
-2.283858614342429 -3.051377338354967
-2.6548200680816736 -0.3340607692474593
-2.2734252658903102 0.6701230028461609
-1.937719659160039 -1.3061183476011204
5.900061500213799 0.13314152723571993
4.853183067581759 -0.01063072687012983
5.2141948408091405 -1.7205135324478118
6.237567088162836 0.4323003323373984
5.322799897278976 0.27664125388192085
4.802390027169796 2.420302566198494
4.164946313391751 -1.346144717256376
5.945851289628379 0.4628485159442755
5.789386053342572 0.10794364172513057
5.275092532379336 0.43452632244600775
5.2439892673609725 0.030290408009444002
4.913837985904897 0.049963328768267964
4.402815081890925 -0.33840802542613163
4.822683813958134 -0.00628476086707249
5.94195542319062 -1.560335833518283
4.421759624016211 -0.037095024658440945
5.384773383420825 -0.8330055663168645
6.776328002700509 0.12059926334769586
3.5029494436513606 -1.106661790259145
4.7029695415079065 1.3606728334077918
4.7802535539241395 -0.5283231577891804
5.650017539335168 0.19982143662661825
5.05453763620734 -0.48320490052199083
4.67562031834632 0.14285922979222607
5.222465423153167 -0.6443857537335094
5.6207451334027825 -1.0944946982927037
4.212152054314817 0.5641323497566979
4.630636003601865 0.9220606633399018
4.537010920732071 -1.3565504234944719
5.060407667924703 0.5154500024170835
5.513275801325822 -0.6020255378753939
5.68831870442582 -1.5405881440153841
3.688132238661691 2.0243361847767822
4.722610785433237 0.04396262399133037
4.322060981441065 -1.6795015372923519
4.6991708227342395 0.5780658053088727
5.809991472802918 0.2777041281931735
5.408593958667492 -2.5421362431101984
5.188720607458746 -0.6128854113363814
4.861684884400328 -0.0786736681598578
4.7388547677234945 1.3441755541951008
4.56356705610231 1.4642298592011382
5.526836512758695 -0.09069882995835715
3.7109026413285866 -1.8050121172470943
4.67159473078373 0.8065892017155949
5.580069881217576 0.817524644818562
5.996818635237202 -0.2366184316207294
4.737717311535759 0.42455792841956763
4.054039297784791 -0.2620930084818338
4.893201162548477 1.5425850359718802
4.5053339870390525 -0.7989296554882505
3.1990267875547804 -0.632535642127979
3.8452060539335626 -0.7785052031838475
3.762116174509096 0.5785890910058624
5.926581279930239 0.5193611504202367
6.251518604471334 0.47084196700337766
5.107166867889556 0.2607903396379979
3.5205119197695627 -0.26642877046253455
4.549307377764022 -0.3143725251424041
5.0944143777716935 0.1046596913682489
5.769688137818355 -0.4925000345696339
5.2890979539002885 -1.2351612580165838
4.406830838466152 1.0876978762259248
4.303132973267053 -1.8070473229495478
4.412920032404516 -1.654658794493165
5.185015849778292 -0.8892353367067344
4.162745323302149 -1.3375250053992038
2.1199744815933483 -0.9969730550665796
5.660546373778674 -0.392466022879559
6.635306657584447 -1.0351856957543069
3.826291940580617 1.087429736800326
5.6250192823108005 1.6602038389673424
5.531909871780875 -0.826121992886343
5.451956564500712 -0.4152874204039533
4.842096666604416 1.058280620908905
1.952489369424705 1.7465752553046807
4.534766207348801 -0.792212468870388
4.952701898044336 1.141002831814737
5.1671341448333274 0.27194519369613346
5.110454722926441 -0.9820844030216379
5.2526190995016755 0.0653193340758041
5.75585985074255 -2.4379794362404463
4.860496091014102 2.5466467734176024
4.096250416611992 -1.302971405125121
5.5252283448877835 -0.883791324027323
4.461428941145433 -0.1336596764590735
4.7609671147917885 -0.19921762140551894
4.035507156023996 -0.6006810897308704
6.020794910528242 -2.4211593566029
3.745770408289774 0.4613868935116778
5.327220486044937 0.6801637929966723
4.143239460130037 0.21347070303352184
5.950751769002827 0.680454697836238
5.275868179837147 0.5533538187368329
4.980404477438467 -1.3495797520781845
5.317364894439254 0.7768519758415308
5.767151979984053 1.4914971012138414
4.491176975874835 -0.4630474290496053
4.259480725741285 -0.685284486297391
4.286477820245728 -0.32278991613879676
4.929224103588842 0.3969531139459012
3.24285280068514 0.7591561746405049
5.941872952767673 -1.6084939000875584
5.658103631825011 0.5294368780717643
5.869934617712392 1.3944537217271203E-4
4.057564899711605 1.4578608140108007
5.652911526119974 -0.3868701952561608
5.1246830006327455 0.40779800981609127
5.889957903309453 0.5086477009996629
4.632962987210335 -1.404070594589037
-2.562259307509802 2.5696426333830047
0.3147852973684367 2.1947600590983476
-1.3897119636711477 5.487188220952115
-0.4765080110687465 2.2926943485453606
-0.560735216343741 2.7479011602075465
0.545033939524115 5.020583746920442
0.504877010599438 1.7969014970842558
0.5544527857221566 1.7583779826800507
-1.0003521473882953 2.136241591916118
-0.24096759636516488 4.391016485166951
0.25668787654690733 3.3460773658316025
-0.4134426418528626 3.909034406211024
1.4421334527849448 0.357934219698369
-1.314645027397686 4.239121147665243
-0.5380120218370072 1.0137878000139169
1.2521069800802258 4.046873359839884
-0.4217972144671201 3.207225852101328
2.0545101518897946 2.2339255780977245
-0.7535175401616271 3.612265241889034
-0.7853811062742333 4.466016601499132
0.3877500554490556 3.5478409814423393
-1.460657320009695 2.880522664439691
0.4348198404594765 2.374625999245808
0.810369184356338 2.895329413824504
0.4741036547636981 2.9656414100686175
0.957536091770792 3.344740938680257
-0.8327329528353133 3.204521256577731
-0.010258481641844713 2.611981727886269
-0.4082560899953241 2.7768716877796864
1.1246211520928917 2.4315729917014344
-0.03715418826156885 3.736450199177016
0.1853079384437924 2.3010112719877656
-1.0652312639503474 1.7311475041098892
-0.6582145347415203 3.123347542720234
1.1149505365510721 2.8916108053920127
1.1022216414549746 2.0272110764505786
0.3498708465495863 2.6972379279122496
1.2842036770859755 2.720550206753248
0.05982635803688622 2.4946728005489387
-0.8723215571720573 3.612066941709423
1.1230644415544035 3.309244905735837
1.881782102903496 4.072668091465751
0.13829136048161042 3.0534832116716157
0.3531711390802825 0.5644212844853782
0.3704398913045193 2.5770860786776755
-0.34033865266597235 2.7543044197710924
1.2894259259280358 1.6664523775356053
1.001999087426649 2.180592729772085
1.2352290653347582 3.018338272128524
-1.2747098833401362 2.783595855618003
-0.2797659627622615 2.4599738582344637
0.3642457685957214 0.9493018610033737
-0.6461369192973041 4.370871108641907
-1.7770619667968 2.462460478113461
0.676464031480601 1.76301192500502
-0.40288194121569204 2.098768801465298
1.6585444576910395 3.7360035800380795
0.45951139609583197 3.2118309281905235
-1.207244877607123 3.3210355103875724
1.0614258747227923 3.353245854691412
1.0595700732056146 3.774319620090907
-0.32328803783944254 3.0578388888542425
0.5641040308983357 3.1215432079035086
-0.3200631359451358 3.2472206392067196
0.7196992728662885 2.5857941073586774
-0.9722799061754207 4.565962203516497
0.17320291470123508 2.472778223327711
-0.3827961512400837 4.326813008578942
2.27720643331425 2.3547958264587012
-1.3128475362771979 3.2876747935466706
0.3878353793972096 -0.3418968523967929
0.1029693268680735 2.4242502270226294
0.9732860641768545 2.7916388645559693
-0.26517381996599637 2.3419793472454318
1.0214699614425182 1.432171759072116
3.4934098813351695 3.8456679377048073
0.3247694318798834 3.2966624833342575
0.013299506765605084 2.162042381496519
-1.7654094516298027 2.57821639592758
0.33040177551653577 3.4971711947707944
-0.30042980167347294 2.7842013184575274
1.4418469464220323 1.4878479632032995
0.40310942762708823 3.177399507098751
-0.08807926568988587 5.829001657444126
-0.5692464266569959 3.513805184736159
-0.48211136627105644 2.4532042704613097
1.552561693104559 2.589484804699561
0.7628661741762808 2.295655886266374
-1.1619644930359017 3.603182659413643
1.1391764818337065 0.7435249655439748
-0.3439350324555566 2.624223930247765
-0.5948313734659667 2.3818921784933687
-0.8733458287568188 4.287381140585748
-0.5736001860778757 3.1747802457740595
-0.8893306526579842 2.801976360032238
-1.6976039228489472 1.0408344366617228
0.08990702593966438 2.5183500050583003
1.7022812671765688 3.0732225548996897
-0.529849191099327 2.290030046986663
-0.4449132926366326 4.11192551067438
0.6788900870359451 2.462467948781582
0.24185921024489704 2.4260048563213914
0.24023248119532217 3.713595018472401
0.8113934206130018 3.635041858107799
-1.7373756659470492 2.3815848947510143
-0.6165314756117685 3.1853471115090173
0.3308586433832272 2.1919813796570984
0.0013286232000811562 1.0495380525780766
-0.2170117931058751 4.7589611503515705
